Proc_RR_1_P0:0b 00 00 00 00 00 00 00 00 00 00 00 00 00 00 00 
Proc_RR_2_P2:15 00 00 00 00 00 00 00 00 00 00 00 00 00 00 00 
Proc_RR_2_P3:16 00 00 00 00 00 00 00 00 00 00 00 00 00 00 00 
Proc_RR_1_P1:0c 00 00 00 00 00 00 00 00 00 00 00 00 00 00 00 
Proc_RR_4_P4:29 00 00 00 00 00 00 00 00 00 00 00 00 00 00 00 
Proc_RR_4_P5:2a 00 00 00 00 00 00 00 00 00 00 00 00 00 00 00 
Proc_RR_5_P0:33 00 00 00 00 00 00 00 00 00 00 00 00 00 00 00 
Proc_RR_6_P3:3d 00 00 00 00 00 00 00 00 00 00 00 00 00 00 00 
Proc_RR_5_P2:34 00 00 00 00 00 00 00 00 00 00 00 00 00 00 00 
Proc_RR_6_P5:3e 00 00 00 00 00 00 00 00 00 00 00 00 00 00 00 
Proc_RR_2_P4:17 00 00 00 00 00 00 00 00 00 00 00 00 00 00 00 
Proc_RR_1_P2:0d 00 00 00 00 00 00 00 00 00 00 00 00 00 00 00 
Proc_RR_2_P1:18 00 00 00 00 00 00 00 00 00 00 00 00 00 00 00 
Proc_RR_1_P3:0e 00 00 00 00 00 00 00 00 00 00 00 00 00 00 00 
Proc_RR_4_P1:2b 00 00 00 00 00 00 00 00 00 00 00 00 00 00 00 
Proc_RR_3_P0:14 00 00 00 00 00 00 00 00 00 00 00 00 00 00 00 
Proc_RR_4_P3:2c 00 00 00 00 00 00 00 00 00 00 00 00 00 00 00 
Proc_RR_5_P4:35 00 00 00 00 00 00 00 00 00 00 00 00 00 00 00 
Proc_RR_5_P1:36 00 00 00 00 00 00 00 00 00 00 00 00 00 00 00 
